host=Mac OS X aarch64
date=2026-09-13T20:47:32.786515Z
method=withFrameNanos on-screen Compose Desktop MacCatalog glass
scene=catalog
profile=MID
skiko.renderApi=METAL
harness=on-screen Window (not skiko SOFTWARE tests)
frames=320
p50_ms=16.647625
p95_ms=17.82875
p99_ms=23.462542
max_ms=162.909083
samples_ms=162.9091,5.9777,28.0345,8.8500,16.4177,16.8581,16.8974,16.5122,16.8036,24.9868,8.9137,37.8478,23.0363,23.4625,14.3092,14.6034,14.0530,14.5080,16.7364,15.7288,17.6857,15.9124,16.3033,17.1768,15.5378,18.0277,16.8870,15.9282,16.5018,15.7989,18.4155,16.4824,16.1419,17.0230,16.2376,17.2953,16.7938,15.3950,16.5055,16.7037,16.5004,17.9094,16.8923,16.5207,16.7929,16.4987,17.4058,16.0253,16.1525,16.9458,16.9483,16.5899,16.6464,16.4290,16.9989,16.7132,17.4670,16.0124,16.5577,16.6571,16.6153,15.6821,17.7514,16.5857,16.6833,15.7748,16.6280,17.2959,16.5415,16.9345,16.6596,16.8413,16.0223,17.2151,15.6085,17.3743,17.2377,16.5619,16.3331,15.8531,17.5493,16.4482,16.7486,16.9543,15.8516,16.7205,17.3936,15.5800,17.4439,16.0625,17.2280,16.8147,15.8180,17.4463,16.9533,15.6861,17.8815,16.2701,16.5965,16.8188,16.8665,16.5767,16.8458,16.5072,16.7268,16.6452,16.8776,15.6260,17.1215,17.0572,16.1454,16.1313,16.8419,17.3793,15.8626,17.4901,16.6447,15.7188,16.7106,17.2688,16.8352,16.7082,16.8479,16.5523,16.0130,16.9583,16.2175,16.6547,16.8612,17.5963,16.0870,16.6815,16.6638,16.2688,16.9526,16.9882,16.6840,16.5005,15.7601,17.7394,16.7975,16.4820,16.0978,16.9231,16.8162,17.1150,16.5573,16.7525,16.7864,16.1709,16.5780,16.1298,17.4205,16.9278,15.7608,17.7712,16.6485,16.5970,16.5029,16.2758,17.2755,16.3503,16.8280,16.4103,17.0414,16.5526,16.4675,17.0038,16.2043,16.3066,15.8539,17.8288,15.6090,16.8752,17.7432,16.5629,16.7948,15.6800,18.4362,15.8231,16.8357,16.6490,16.5922,16.5581,16.6362,17.0934,19.0059,14.0100,16.5978,16.3904,15.9310,16.5680,17.8151,15.4642,16.5845,16.6763,17.8870,16.5310,15.9235,17.6967,16.5936,16.3510,17.1275,16.6691,16.6657,16.5575,15.6671,17.5020,16.0295,16.9489,16.5235,16.8281,16.8751,16.5145,15.8772,16.5052,17.9625,16.5467,16.3231,17.4508,16.8244,16.0854,16.9172,16.6476,17.2548,16.1888,16.4437,15.5328,17.0303,17.5462,16.4703,16.7838,16.5620,16.8194,16.6408,16.8512,16.5636,16.7174,16.3598,16.3618,16.8209,17.1463,16.1238,17.0660,17.0498,16.3800,15.7980,17.3882,15.6891,17.7125,16.6258,16.5972,16.6256,16.6435,15.7125,17.8608,16.5747,16.6230,16.7166,15.6701,17.0019,17.0630,15.9712,17.6048,16.0965,17.1603,15.7478,17.5325,16.9103,15.8109,17.4904,16.5865,16.6732,16.5019,16.6733,16.8757,17.3137,16.2412,15.3628,16.6105,16.5854,17.9049,16.5345,16.4877,15.8250,17.5768,15.6875,16.8739,16.6614,17.5208,16.0118,17.2695,15.6019,16.7781,16.8845,16.6560,16.5038,16.9985,16.6069,15.9628,17.7645,16.5575,16.6365,16.4963,17.1758,16.8543,16.8749,16.1401,15.9415,16.7390,17.6055,16.7115,16.7071,16.5710,16.7551,16.5758,16.8320,15.7192,17.2087,17.0929
