host=Version 26.6.2 (Build 25G83) 10 cores
date=2026-09-13T20:46:57Z
method=CADisplayLink on-screen NSVisualEffectView
scene=overlay
profile=MID
blur=NSVisualEffectView.fullScreenUI.behindWindow
harness=on-screen (not offscreen CGContext, not OverlayCompositor)
frames=320
p50_ms=16.666625044308603
p95_ms=16.666625044308603
p99_ms=16.666625044308603
max_ms=16.666625044308603
samples_ms=16.6666,16.6666,16.6666,16.6666,16.6666,16.6666,16.6666,16.6666,16.6666,16.6666,16.6666,16.6666,16.6666,16.6666,16.6666,16.6666,16.6666,16.6666,16.6666,16.6666,16.6666,16.6666,16.6666,16.6666,16.6666,16.6666,16.6666,16.6666,16.6666,16.6666,16.6666,16.6666,16.6666,16.6666,16.6666,16.6666,16.6666,16.6666,16.6666,16.6666,16.6666,16.6666,16.6666,16.6666,16.6666,16.6666,16.6666,16.6666,16.6666,16.6666,16.6666,16.6666,16.6666,16.6666,16.6666,16.6666,16.6666,16.6666,16.6666,16.6666,16.6666,16.6666,16.6666,16.6666,16.6666,16.6666,16.6666,16.6666,16.6666,16.6666,16.6666,16.6666,16.6666,16.6666,16.6666,16.6666,16.6666,16.6666,16.6666,16.6666,16.6666,16.6666,16.6666,16.6666,16.6666,16.6666,16.6666,16.6666,16.6666,16.6666,16.6666,16.6666,16.6666,16.6666,16.6666,16.6666,16.6666,16.6666,16.6666,16.6666,16.6666,16.6666,16.6666,16.6666,16.6666,16.6666,16.6666,16.6666,16.6666,16.6666,16.6666,16.6666,16.6666,16.6666,16.6666,16.6666,16.6666,16.6666,16.6666,16.6666,16.6666,16.6666,16.6666,16.6666,16.6666,16.6666,16.6666,16.6666,16.6666,16.6666,16.6666,16.6666,16.6666,16.6666,16.6666,16.6666,16.6666,16.6666,16.6666,16.6666,16.6666,16.6666,16.6666,16.6666,16.6666,16.6666,16.6666,16.6666,16.6666,16.6666,16.6666,16.6666,16.6666,16.6666,16.6666,16.6666,16.6666,16.6666,16.6666,16.6666,16.6666,16.6666,16.6666,16.6666,16.6666,16.6666,16.6666,16.6666,16.6666,16.6666,16.6666,16.6666,16.6666,16.6666,16.6666,16.6666,16.6666,16.6666,16.6666,16.6666,16.6666,16.6666,16.6666,16.6666,16.6666,16.6666,16.6666,16.6666,16.6666,16.6666,16.6666,16.6666,16.6666,16.6666,16.6666,16.6666,16.6666,16.6666,16.6666,16.6666,16.6666,16.6666,16.6666,16.6666,16.6666,16.6666,16.6666,16.6666,16.6666,16.6666,16.6666,16.6666,16.6666,16.6666,16.6666,16.6666,16.6666,16.6666,16.6666,16.6666,16.6666,16.6666,16.6666,16.6666,16.6666,16.6666,16.6666,16.6666,16.6666,16.6666,16.6666,16.6666,16.6666,16.6666,16.6666,16.6666,16.6666,16.6666,16.6666,16.6666,16.6666,16.6666,16.6666,16.6666,16.6666,16.6666,16.6666,16.6666,16.6666,16.6666,16.6666,16.6666,16.6666,16.6666,16.6666,16.6666,16.6666,16.6666,16.6666,16.6666,16.6666,16.6666,16.6666,16.6666,16.6666,16.6666,16.6666,16.6666,16.6666,16.6666,16.6666,16.6666,16.6666,16.6666,16.6666,16.6666,16.6666,16.6666,16.6666,16.6666,16.6666,16.6666,16.6666,16.6666,16.6666,16.6666,16.6666,16.6666,16.6666,16.6666,16.6666,16.6666,16.6666,16.6666,16.6666,16.6666,16.6666,16.6666,16.6666,16.6666,16.6666,16.6666,16.6666,16.6666,16.6666,16.6666,16.6666,16.6666,16.6666,16.6666,16.6666,16.6666,16.6666,16.6666,16.6666,16.6666,16.6666,16.6666,16.6666,16.6666
