host=Mac OS X aarch64
date=2026-09-13T20:47:43.844817Z
method=withFrameNanos on-screen Compose Desktop MacCatalog glass
scene=catalog
profile=BLUR_OFF
skiko.renderApi=METAL
harness=on-screen Window (not skiko SOFTWARE tests)
frames=320
p50_ms=16.68
p95_ms=17.119666
p99_ms=21.436042
max_ms=169.438792
samples_ms=169.4388,6.0266,32.5702,6.2362,10.3758,16.4640,27.0785,8.9424,17.9117,34.3753,6.1353,14.0289,17.0468,17.7259,21.4360,10.7688,16.8396,16.3190,16.7456,16.5230,16.2735,16.6773,16.5936,16.6552,16.8271,16.7740,16.6200,16.7408,16.7378,16.8087,16.8787,17.1317,15.9613,16.9220,16.4580,16.8252,16.6800,16.4898,16.9156,16.6788,16.8059,16.5645,16.7049,16.8061,16.5443,16.8581,16.3527,16.9930,16.6292,16.4353,16.7105,16.6091,16.6660,16.6904,16.7340,16.8301,16.7676,16.5085,16.9102,17.2680,16.7110,16.5707,15.7406,16.2972,16.5222,16.8703,16.3506,17.6549,16.3858,16.0995,16.8750,16.8126,16.9853,16.3476,17.0315,16.9271,16.5682,16.4437,17.1971,16.5355,17.0081,16.3486,16.9465,16.6380,16.5673,16.4550,16.7688,16.6228,16.8081,16.7187,16.6760,16.7205,16.7416,16.5686,16.5204,16.8332,16.6806,16.5548,16.9373,16.5941,16.8040,16.4156,16.5298,16.8860,16.2801,16.7030,16.3614,16.8661,16.8294,16.2763,16.7095,16.9128,16.7330,16.4760,16.7744,16.6252,16.5918,16.4610,17.1197,16.6849,16.2491,17.1648,16.5183,16.4425,17.0556,16.3115,16.8002,16.8573,16.7398,16.2065,16.9143,16.6151,16.5866,16.8319,16.3004,16.9622,16.7650,16.5458,16.8108,16.7273,16.6094,16.7436,16.5175,16.7241,16.7172,16.6414,16.7269,16.5140,16.7861,16.4784,16.6379,16.6243,16.7592,16.7180,16.8599,16.6912,16.4919,16.7308,16.5680,16.6062,16.8043,16.5513,16.8340,16.7800,16.4473,16.9698,16.4425,16.7606,16.3506,16.5510,17.0199,16.4433,16.9134,16.4500,17.0420,16.2614,17.2180,15.9928,16.5096,17.1065,16.7606,16.4679,16.5296,16.5968,16.8255,16.4217,16.4330,16.9981,16.8552,16.6200,16.4163,16.7871,16.9459,16.2842,16.5628,16.8592,16.7758,16.7555,16.6693,16.9270,16.6337,16.5165,17.0948,16.9110,16.2903,16.5208,16.7986,16.6124,16.8394,16.6192,16.7298,16.6640,16.7670,16.5663,16.4001,16.6139,16.7235,16.9817,15.8246,17.2956,16.7110,16.7155,16.2542,16.6055,16.7905,16.5533,17.0970,16.6263,16.6528,16.4830,16.8673,16.4623,16.7685,16.6055,16.6473,16.6293,16.7844,16.4331,16.7253,16.6197,16.7138,16.4277,16.7846,16.7399,16.7583,16.7012,16.6800,16.5424,16.7413,16.2719,16.8023,16.8263,16.9800,16.4767,16.5408,16.3575,16.8237,16.6200,17.0028,16.5140,16.6634,16.7595,16.3840,16.6917,16.6372,16.6011,16.7219,16.8843,16.4959,16.6015,16.8965,16.3305,17.0685,16.3061,16.7527,17.0185,16.5559,16.9512,16.5245,16.7077,16.4499,17.2803,16.8730,16.0413,16.5954,16.6536,16.6053,16.7837,16.8449,16.5223,17.0673,16.4704,16.4310,16.9031,16.5685,16.4871,16.7123,16.8234,16.4466,16.5943,16.7045,16.7510,16.4493,16.7619,16.7428,16.7750,16.1702,17.1056,16.7913,16.6202,16.6218,16.7288,16.5801,16.2899,16.9298,17.1585,16.1713,16.2423,16.8667,16.6614
