host=Mac OS X aarch64
date=2026-09-13T20:47:20.944989Z
method=withFrameNanos on-screen Compose Desktop MacCatalog glass
scene=catalog
profile=HIGH
skiko.renderApi=METAL
harness=on-screen Window (not skiko SOFTWARE tests)
frames=320
p50_ms=16.647333
p95_ms=17.115542
p99_ms=18.57675
max_ms=504.078792
samples_ms=504.0788,7.6199,34.9008,7.6153,9.8485,16.5263,16.6483,16.8466,16.8840,16.5105,16.5816,20.1392,14.5489,17.9004,19.3768,11.5638,17.1312,16.3585,16.3280,16.5620,16.6495,16.5541,16.7952,16.6005,16.5935,16.7690,16.5947,16.9334,16.6473,16.8235,16.5930,17.0312,16.4716,16.5376,16.8716,16.7072,16.7281,16.6288,16.6822,16.6991,16.7267,16.5648,17.1155,16.3168,16.6254,16.6467,16.5290,16.7054,16.6657,16.6590,16.7663,16.4604,16.6604,16.6955,16.8197,16.4084,16.5601,17.8123,16.6163,16.6579,16.6768,16.3461,17.0762,16.7703,16.7215,16.9017,16.7130,16.9255,15.9421,16.9275,16.5010,16.6960,16.7795,16.4525,16.9664,16.5592,17.0363,16.2368,16.3952,16.6707,17.0210,16.8110,16.3198,16.8334,16.4626,16.6175,17.0974,16.3982,16.9091,16.6134,16.5475,16.9697,16.4358,16.6158,17.0453,16.4138,16.5706,16.6703,16.8487,16.1651,16.8840,16.6374,16.6051,16.3579,16.6153,16.7533,15.9138,16.4579,16.7510,16.5698,16.5553,16.5749,18.5768,16.5894,16.4753,16.0863,17.8325,16.5934,16.0458,16.5218,16.5416,17.3091,16.3658,16.5650,16.3191,16.8285,16.6325,16.6078,16.6065,16.9687,16.3510,16.7335,16.8815,16.8813,16.5927,16.4188,16.8622,16.8181,16.5861,16.5569,16.5425,16.9001,16.5928,16.4378,16.6822,17.0717,16.1152,17.0355,16.8089,15.5945,17.0152,16.7123,16.6142,17.0378,16.2531,16.8064,16.8667,16.5942,17.0855,16.1048,16.5900,16.9021,16.7712,16.4322,16.8962,16.5588,16.7512,16.7205,16.5454,16.8194,16.6499,16.6690,16.6008,16.7420,16.9165,16.2615,16.8612,16.6698,16.3945,17.1457,16.3660,16.3571,17.1293,16.1663,16.9815,16.6495,16.8108,16.8148,16.3552,16.2276,17.0860,16.3593,16.4986,16.7953,16.8456,16.7092,16.6785,16.6617,16.5580,16.5891,16.9743,16.9118,16.3683,16.9379,16.6354,16.6208,16.8147,16.5567,16.5596,16.6223,16.8514,16.3260,16.7374,16.5711,16.1432,16.2934,17.9877,16.7121,16.5568,16.4223,16.9152,16.6082,16.5515,16.6155,16.3057,17.2133,16.5948,16.6953,16.4396,16.5896,16.5751,16.7954,16.6349,16.8215,16.6187,16.7065,16.5800,16.6114,16.7848,16.7056,16.8748,16.5308,16.7802,16.9436,16.2771,16.5927,16.8551,16.4014,16.7963,16.7480,16.6409,16.3892,16.9684,16.5687,16.1008,16.4653,16.7892,16.0773,17.0790,16.6281,16.8552,16.5178,16.4271,17.2875,16.3669,16.7473,16.9399,16.7990,16.7781,16.6108,16.8040,16.2276,17.2702,16.7063,16.3743,16.8983,16.6790,16.6300,16.2205,16.8779,16.7501,16.6293,16.7932,16.6605,16.7275,16.4815,16.8738,16.2538,16.8192,16.6686,16.9985,16.5956,16.7585,17.1070,16.3226,16.4165,16.9245,16.7615,16.4718,16.6745,16.6471,16.9683,16.4224,16.4159,16.9505,16.5463,16.6700,16.8088,16.6550,16.2876,16.9367,16.9089,16.3452,16.5767,16.8692,16.5218,16.7944,16.6128,16.4804,16.6134
